FILE: gs250a-1
250 250 0
1 130 1696 1309 1488 1235 1621 1657 1248 1025 1608 1930 1806 1978 1584 1332 1097 1157 1272 1469 1480 1447 1616 1194 1833 1408 1861 1500 1496 1564 1311 1368 1352 1281 1299 1976 1826 1912 1406 1178 1073 1337 1450 1654 1155 1570 1283 1641 1470 1594 1932 1649 1225 1064 1098 1073 1233 1048 1564 1103 1809 1455 1534 1835 1055 1312 1428 1996 1308 1541 1182 1189 1039 1392 1562 1060 1976 1194 1543 1292 1738 1576 1274 1840 1763 1812 1658 1307 1807 1456 1088 1864 1793 1906 1362 1638 1299 1073 1308 1945 1459 1801 1162 1301 1565 1187 1208 1607 1143 1475 1741 1406 1795 1668 1850 1636 1571 1511 1087 1770 1177 1019 1525 1756 1777 1181 1250 1661 1682 1020 1820 1430 1707 1651 1715 1656 1473 1497 1310 1783 1439 1318 1410 1630 1942 1216 1870 1657 1031 1261 1334 1872 1370 1904 1623 1784 1994 1826 1810 1319 1208 1390 1502 1088 1389 1334 1367 1926 1996 1881 1442 1109 1551 1911 1240 1146 1888 1350 1199 1557 1434 1445 1500 1549 1819 1059 1786 1985 1587 1670 1810 1559 1289 1202 1546 1589 1749 1372 1801 1317 1770 1678 1839 1139 1073 1720 1077 1667 1745 1978 1359 1022 1974 1725 1847 1274 1366 1214 1076 1426 1601 1820 1173 1859 1739 1257 1803 1634 1933 1568 1853 1563 1838 1007 1388 1453 1505 1495 1924 1435 1032 1792 1527 1767 1754 1046 1791 1046 1255 1881 1209 1206 
2 199 1309 1666 1980 1227 1783 1135 1779 1953 1998 1009 1519 1931 1650 1772 1636 1669 1254 1268 1938 1225 1677 1263 1539 1539 1781 1635 1904 1398 1141 1351 1558 1455 1615 1880 1468 1203 1050 1199 1637 1310 1904 1060 1949 1220 1061 1654 1782 1430 1633 1349 1435 1343 1012 1644 1884 1117 1970 1998 1915 1394 1081 1698 1154 1335 1240 1414 1029 1860 1574 1593 1194 1500 1519 1369 1449 1760 1334 1117 1686 1414 1860 1332 1885 1627 1774 1969 1709 1312 1142 1923 1709 1629 1541 1777 1682 1038 1538 1501 1212 1800 1798 1242 1926 1347 1616 1865 1484 1409 1137 1408 1861 1329 1061 1090 1916 1445 1109 1055 1818 1963 1023 1481 1327 1229 1392 1224 1483 1788 1087 1657 1724 1158 1570 1852 1963 1708 1876 1759 1673 1561 1543 1552 1476 1916 1267 1780 1310 1695 1568 1499 1669 1943 1246 1021 1967 1851 1912 1455 1557 1840 1372 1678 1424 1597 1143 1911 1094 1471 1884 1542 1791 1139 1035 1357 1360 1943 1417 1838 1009 1810 1108 1678 1378 1157 1350 1177 1983 1685 1785 1670 1558 1481 1784 1640 1332 1316 1178 1687 1762 1556 1134 1986 1769 1596 1498 1414 1993 1214 1353 1982 1107 1752 1092 1752 1717 1538 1782 1861 1884 1450 1100 1847 1797 1029 1620 1904 1621 1041 1741 1232 1066 1912 1023 1146 1697 1919 1226 1091 1516 1562 1827 1212 1857 1013 1291 1661 1113 1053 1893 1268 
3 133 1488 1980 1398 1354 1749 1240 1831 1083 1107 1621 1032 1306 1374 1763 1522 1857 1357 1818 1624 1919 1540 1723 1852 1494 1808 1667 1619 1880 1128 1651 1698 1940 1874 1164 1310 1449 1917 1511 1269 1283 1173 1820 1079 1752 1729 1265 1398 1847 1235 1534 1760 1682 1695 1066 1978 1918 1331 1102 1125 1441 1656 1072 1504 1089 1435 1345 1501 1695 1675 1890 1753 1236 1303 1859 1504 1364 1689 1641 1585 1110 1677 1400 1905 1028 1270 1652 1868 1567 1625 1883 1619 1964 1529 1771 1528 1410 1991 1013 1816 1807 1128 1312 1726 1863 1980 1539 1159 1834 1428 1615 1158 1670 1864 1131 1171 1873 1760 1245 1481 1817 1815 1888 1719 1842 1813 1803 1864 1879 1861 1461 1630 1905 1161 1369 1663 1994 1970 1814 1428 1259 1905 1569 1224 1457 1254 1595 1199 1544 1441 1266 1805 1950 1304 1148 1574 1878 1354 1876 1631 1381 1645 1136 1852 1518 1442 1310 1068 1362 1319 1795 1228 1144 1856 1540 1920 1307 1590 1819 1162 1770 1371 1791 1862 1152 1781 1856 1866 1277 1781 1356 1986 1703 1226 1641 1920 1579 1419 1039 1477 1609 1353 1752 1003 1399 1800 1221 1416 1963 1894 1984 1764 1688 1390 1552 1703 1518 1214 1355 1807 1655 1504 1264 1111 1542 1767 1737 1804 1428 1322 1117 1459 1282 1683 1107 1732 1341 1036 1963 1912 1073 1471 1427 1242 1842 1117 1938 1413 1049 1851 1149 
4 114 1235 1227 1354 1030 1712 1278 1224 1499 1713 1340 1004 1812 1162 1761 1612 1835 1198 1442 1925 1693 1647 1772 1641 1192 1904 1645 1362 1182 1956 1996 1104 1650 1223 1895 1139 1828 1379 1734 1571 1082 1789 1522 1555 1883 1732 1844 1566 1626 1068 1492 1620 1584 1495 1309 1864 1781 1062 1286 1422 1062 1087 1425 1924 1135 1142 1410 1612 1882 1257 1620 1432 1707 1002 1513 1019 1201 1604 1897 1982 1921 1746 1150 1391 1549 1223 1894 1877 1208 1091 1159 1251 1245 1476 1584 1048 1222 1700 1662 1894 1431 1880 1585 1115 1692 1641 1696 1492 1729 1133 1103 1554 1894 1966 1466 1339 1530 1258 1501 1003 1747 1421 1226 1211 1899 1867 1487 1686 1537 1273 1781 1854 1119 1564 1930 1962 1266 1276 1614 1599 1840 1456 1307 1005 1622 1744 1646 1099 1874 1804 1762 1602 1577 1761 1607 1192 1599 1788 1803 1077 1611 1516 1048 1892 1997 1406 1616 1346 1561 1757 1964 1498 1311 1490 1005 1091 1089 1374 1049 1836 1337 1850 1964 1059 1784 1103 1577 1619 1325 1547 1860 1491 1882 1365 1905 1939 1522 1285 1257 1669 1616 1217 1600 1878 1327 1932 1353 1597 1187 1434 1195 1246 1078 1164 1049 1795 1361 1720 1569 1445 1465 1231 1639 1231 1694 1039 1946 1457 1558 1860 1125 1368 1378 1068 1531 1959 1476 1264 1161 1341 1713 1783 1757 1557 1664 1296 1620 1259 1207 1166 1169 
5 115 1621 1783 1749 1712 1810 1713 1780 1629 1297 1036 1925 1439 1375 1570 1149 1906 1697 1005 1924 1491 1755 1745 1897 1173 1370 1561 1566 1529 1068 1578 1930 1934 1127 1276 1123 1768 1562 1642 1578 1051 1848 1138 1748 1411 1649 1639 1912 1783 1332 1004 1102 1758 1568 1419 1683 1971 1768 1189 1608 1451 1670 1123 1894 1333 1831 1167 1332 1831 1325 1453 1985 1892 1409 1405 1482 1427 1461 1070 1655 1527 1948 1323 1543 1574 1722 1108 1299 1649 1422 1370 1027 1146 1253 1823 1078 1999 1938 1235 1852 1423 1112 1359 1608 1579 1950 1182 1347 1075 1301 1647 1275 1697 1114 1499 1882 1282 1434 1418 1182 1147 1756 1086 1120 1965 1011 1355 1709 1508 1970 1161 1896 1154 1340 1356 1710 1570 1345 1092 1720 1474 1064 1935 1325 1885 1308 1352 1911 1760 1323 1734 1422 1441 1096 1603 1344 1794 1541 1173 1667 1467 1359 1904 1834 1168 1835 1220 1213 1355 1377 1041 1136 1273 1050 1281 1013 1712 1912 1983 1577 1415 1418 1223 1769 1535 1678 1468 1310 1046 1847 1517 1490 1514 1439 1706 1191 1136 1827 1510 1692 1455 1732 1215 1282 1653 1966 1815 1206 1833 1216 1774 1984 1185 1153 1834 1626 1466 1643 1506 1786 1669 1340 1405 1371 1317 1453 1089 1649 1263 1953 1563 1380 1421 1005 1083 1006 1327 1927 1444 1425 1932 1416 1388 1391 1541 1368 1298 1055 1301 1037 1828 
6 169 1657 1135 1240 1278 1713 1141 1836 1636 1161 1578 1551 1858 1047 1285 1255 1501 1167 1837 1697 1394 1309 1537 1451 1860 1849 1725 1613 1770 1216 1483 1309 1124 1773 1139 1814 1823 1120 1471 1558 1793 1364 1028 1787 1098 1379 1469 1185 1226 1597 1317 1213 1178 1351 1058 1466 1535 1310 1960 1816 1146 1029 1545 1628 1605 1152 1110 1835 1162 1295 1198 1135 1237 1144 1430 1122 1174 1795 1612 1597 1419 1871 1508 1866 1747 1445 1197 1302 1722 1301 1414 1938 1023 1562 1790 1385 1814 1224 1376 1863 1798 1614 1394 1603 1112 1319 1578 1424 1736 1602 1044 1752 1546 1848 1085 1876 1695 1063 1789 1700 1455 1967 1899 1800 1188 1697 1812 1045 1607 1672 1130 1573 1963 1625 1663 1404 1344 1364 1297 1466 1711 1264 1626 1321 1851 1041 1758 1367 1895 1832 1205 1803 1550 1111 1255 1129 1713 1478 1739 1478 1619 1840 1594 1541 1174 1035 1138 1384 1639 1411 1445 1928 1310 1399 1749 1376 1361 1620 1266 1372 1503 1535 1343 1162 1603 1194 1354 1559 1947 1100 1227 1963 1267 1725 1025 1254 1226 1704 1485 1799 1484 1245 1909 1397 1024 1784 1337 1399 1885 1413 1379 1827 1956 1112 1635 1735 1994 1329 1100 1627 1522 1918 1466 1184 1750 1983 1709 1100 1196 1651 1899 1309 1148 1312 1609 1365 1627 1351 1844 1277 1010 1900 1900 1577 1971 1659 1041 1886 1882 1290 1428 
7 178 1248 1779 1831 1224 1780 1836 1353 1442 1175 1229 1048 1923 1963 1379 1444 1049 1109 1981 1681 1711 1494 1230 1171 1187 1255 1303 1108 1223 1661 1372 1548 1428 1057 1384 1206 1503 1304 1371 1633 1338 1605 1597 1922 1513 1136 1292 1609 1229 1374 1286 1915 1198 1547 1298 1993 1536 1088 1176 1331 1175 1528 1869 1968 1828 1707 1405 1690 1054 1725 1657 1838 1429 1539 1189 1913 1377 1608 1951 1612 1677 1484 1105 1462 1185 1780 1779 1709 1800 1390 1001 1610 1208 1396 1630 1793 1423 1545 1531 1836 1682 1719 1801 1726 1693 1292 1314 1346 1794 1791 1369 1656 1037 1761 1723 1716 1741 1238 1791 1216 1536 1741 1292 1660 1429 1192 1125 1864 1935 1661 1751 1929 1785 1347 1875 1335 1266 1706 1688 1325 1699 1127 1471 1224 1107 1057 1832 1851 1591 1996 1359 1694 1456 1251 1966 1977 1603 1875 1727 1307 1239 1671 1460 1034 1415 1699 1856 1984 1438 1160 1431 1736 1685 1091 1083 1081 1842 1757 1529 1825 1116 1161 1411 1602 1430 1563 1348 1837 1150 1433 1721 1528 1371 1727 1459 1998 1282 1898 1626 1274 1658 1560 1071 1247 1999 1187 1941 1273 1355 1775 1319 1374 1353 1870 1784 1682 1483 1849 1168 1297 1147 1888 1291 1212 1520 1507 1954 1450 1751 1098 1974 1087 1528 1345 1543 1305 1548 1951 1686 1129 1913 1559 1111 1018 1997 1293 1220 1957 1798 1813 1563 
8 119 1025 1953 1083 1499 1629 1636 1442 1325 1292 1534 1328 1030 1226 1561 1798 1843 1483 1598 1587 1809 1485 1185 1141 1890 1952 1864 1255 1940 1086 1224 1057 1396 1631 1368 1731 1712 1692 1077 1159 1073 1727 1449 1125 1406 1626 1297 1235 1238 1269 1097 1219 1418 1482 1745 1765 1244 1788 1929 1543 1016 1865 1379 1571 1556 1115 1783 1588 1721 1252 1659 1582 1438 1308 1942 1134 1305 1981 1590 1730 1268 1704 1981 1707 1426 1367 1376 1970 1482 1089 1241 1163 1879 1936 1705 1424 1142 1008 1926 1396 1474 1791 1665 1650 1120 1182 1826 1166 1542 1099 1272 1039 1925 1066 1663 1059 1063 1705 1635 1330 1135 1517 1065 1569 1420 1871 1739 1259 1469 1604 1165 1302 1778 1138 1856 1327 1477 1525 1821 1315 1087 1315 1580 1694 1855 1664 1465 1564 1713 1590 1488 1198 1388 1765 1574 1492 1689 1773 1421 1501 1515 1228 1773 1736 1597 1655 1401 1359 1523 1545 1551 1954 1069 1498 1161 1012 1361 1841 1612 1790 1918 1649 1306 1711 1082 1555 1846 1949 1891 1276 1100 1357 1909 1238 1931 1406 1050 1233 1875 1271 1928 1483 1549 1740 1770 1049 1064 1090 1403 1969 1238 1590 1375 1039 1867 1787 1717 1644 1866 1235 1389 1544 1530 1814 1940 1021 1723 1305 1412 1295 1257 1372 1019 1607 1251 1609 1630 1897 1748 1806 1596 1450 1383 1094 1938 1449 1356 1123 1446 1817 1524 
9 192 1608 1998 1107 1713 1297 1161 1175 1292 1698 1275 1871 1641 1550 1997 1144 1705 1116 1795 1936 1751 1778 1222 1001 1779 1245 1505 1076 1819 1211 1720 1991 1717 1617 1098 1361 1200 1082 1893 1617 1887 1495 1697 1690 1388 1340 1615 1091 1161 1750 1219 1704 1278 1844 1659 1051 1749 1368 1867 1317 1570 1177 1245 1915 1152 1579 1739 1879 1278 1089 1720 1850 1251 1608 1567 1960 1386 1565 1358 1369 1508 1057 1584 1760 1606 1512 1283 1556 1299 1906 1507 1147 1280 1077 1522 1913 1376 1145 1653 1313 1400 1593 1179 1831 1442 1025 1178 1059 1747 1139 1739 1690 1861 1939 1438 1711 1165 1733 1491 1580 1493 1925 1481 1650 1954 1153 1079 1649 1646 1795 1654 1471 1389 1372 1180 1077 1161 1889 1349 1774 1367 1629 1301 1671 1619 1453 1861 1569 1172 1117 1709 1090 1672 1646 1376 1313 1376 1301 1477 1693 1500 1164 1088 1569 1850 1863 1667 1009 1393 1498 1435 1296 1919 1261 1620 1835 1461 1812 1462 1751 1621 1925 1395 1964 1461 1445 1310 1030 1110 1075 1307 1523 1757 1042 1830 1229 1169 1157 1612 1956 1403 1307 1319 1223 1860 1915 1304 1614 1347 1384 1384 1082 1289 1079 1039 1981 1765 1855 1934 1104 1504 1682 1191 1521 1519 1377 1288 1477 1513 1002 1022 1152 1736 1930 1415 1558 1428 1129 1988 1342 1518 1696 1300 1793 1734 1154 1162 1829 1772 1568 1428 
10 124 1930 1009 1621 1340 1036 1578 1229 1534 1275 1687 1989 1782 1977 1167 1274 1401 1747 1831 1804 1933 1739 1220 1132 1672 1713 1640 1097 1344 1262 1497 1430 1414 1520 1294 1385 1315 1104 1948 1429 1505 1556 1568 1517 1765 1086 1366 1992 1638 1880 1852 1622 1412 1764 1964 1838 1566 1505 1298 1668 1071 1523 1088 1423 1462 1308 1091 1658 1082 1304 1044 1439 1406 1567 1836 1445 1857 1951 1058 1947 1001 1122 1087 1175 1558 1179 1357 1130 1107 1155 1983 1349 1902 1180 1376 1671 1711 1605 1025 1520 1077 1837 1090 1758 1909 1201 1965 1607 1804 1578 1471 1712 1022 1125 1829 1835 1502 1845 1071 1242 1835 1293 1057 1302 1598 1194 1728 1323 1958 1267 1780 1173 1947 1015 1398 1699 1317 1790 1208 1493 1385 1883 1112 1015 1765 1949 1150 1631 1404 1528 1059 1568 1821 1955 1664 1345 1955 1433 1792 1687 1534 1556 1820 1472 1368 1058 1560 1735 1469 1073 1598 1250 1411 1686 1768 1743 1825 1058 1907 1250 1458 1899 1552 1658 1669 1582 1729 1953 1797 1669 1495 1225 1298 1140 1390 1934 1048 1089 1452 1492 1733 1193 1952 1680 1721 1714 1509 1935 1329 1324 1734 1034 1887 1537 1068 1215 1511 1021 1959 1258 1981 1584 1049 1558 1642 1094 1517 1727 1727 1142 1228 1753 1009 1704 1866 1244 1189 1600 1687 1789 1933 1024 1050 1981 1947 1926 1401 1103 1014 1529 1840 
11 104 1806 1519 1032 1004 1925 1551 1048 1328 1871 1989 1396 1763 1946 1460 1491 1899 1008 1678 1176 1153 1325 1459 1726 1560 1719 1056 1718 1883 1932 1660 1826 1842 1052 1745 1923 1458 1629 1338 1375 1763 1642 1763 1960 1699 1956 1864 1297 1441 1453 1271 1196 1967 1462 1705 1849 1127 1670 1888 1243 1008 1159 1057 1729 1869 1720 1637 1133 1429 1112 1096 1320 1792 1415 1506 1624 1790 1136 1858 1047 1014 1222 1642 1621 1334 1637 1744 1869 1174 1660 1169 1729 1329 1562 1646 1893 1600 1815 1625 1927 1043 1487 1705 1109 1089 1989 1033 1370 1341 1819 1686 1257 1317 1467 1589 1316 1910 1131 1983 1812 1877 1410 1982 1175 1102 1617 1251 1099 1939 1880 1331 1684 1409 1678 1653 1532 1531 1979 1755 1210 1564 1623 1749 1975 1455 1120 1562 1176 1258 1506 1988 1233 1818 1424 1068 1608 1491 1082 1849 1662 1193 1238 1036 1816 1544 1886 1583 1911 1405 1776 1742 1189 1576 1445 1603 1782 1942 1896 1670 1128 1848 1605 1480 1220 1986 1987 1824 1089 1569 1993 1575 1427 1079 1993 1674 1765 1369 1594 1294 1098 1403 1557 1718 1382 1400 1463 1962 1787 1694 1290 1675 1130 1054 1552 1336 1391 1775 1163 1303 1709 1310 1671 1722 1770 1717 1032 1838 1005 1714 1569 1740 1478 1622 1278 1064 1896 1967 1139 1696 1632 1037 1578 1998 1172 1157 1753 1588 1896 1987 1800 1213 
12 158 1978 1931 1306 1812 1439 1858 1923 1030 1641 1782 1763 1599 1717 1736 1598 1635 1022 1777 1042 1311 1855 1034 1966 1566 1676 1817 1869 1113 1213 1829 1491 1701 1819 1716 1275 1347 1894 1428 1416 1829 1527 1921 1884 1225 1013 1222 1351 1766 1412 1394 1411 1803 1781 1443 1008 1146 1271 1672 1470 1580 1709 1544 1067 1823 1852 1560 1491 1715 1944 1200 1162 1914 1751 1448 1778 1882 1722 1938 1998 1452 1430 1251 1681 1737 1954 1392 1582 1679 1361 1978 1899 1016 1930 1179 1597 1947 1297 1921 1902 1264 1151 1408 1879 1262 1665 1472 1488 1174 1289 1802 1039 1438 1089 1565 1451 1565 1266 1460 1198 1886 1029 1742 1388 1978 1462 1228 1847 1021 1555 1843 1624 1899 1047 1709 1841 1299 1240 1328 1260 1608 1439 1887 1509 1878 1180 1208 1349 1648 1886 1385 1894 1899 1136 1624 1201 1925 1170 1342 1115 1402 1809 1028 1802 1434 1443 1918 1853 1858 1229 1005 1373 1598 1180 1420 1971 1328 1276 1711 1038 1250 1268 1059 1244 1251 1328 1945 1630 1226 1203 1328 1230 1852 1024 1833 1614 1586 1431 1006 1253 1177 1167 1150 1138 1465 1800 1787 1518 1756 1734 1260 1211 1546 1145 1531 1350 1885 1028 1679 1002 1154 1990 1149 1554 1538 1946 1273 1266 1981 1387 1101 1910 1900 1369 1068 1894 1436 1869 1528 1779 1532 1688 1695 1591 1612 1531 1006 1845 1148 1444 1457 
13 167 1584 1650 1374 1162 1375 1047 1963 1226 1550 1977 1946 1717 1888 1240 1924 1978 1035 1099 1016 1000 1152 1966 1485 1223 1080 1932 1716 1015 1644 1237 1343 1910 1433 1055 1516 1933 1434 1724 1847 1895 1795 1562 1566 1033 1516 1946 1929 1925 1324 1793 1391 1085 1535 1104 1599 1122 1172 1735 1710 1904 1127 1036 1084 1599 1644 1535 1878 1024 1902 1300 1571 1197 1986 1151 1951 1498 1030 1380 1595 1350 1792 1116 1379 1824 1474 1020 1039 1071 1041 1436 1322 1996 1833 1680 1761 1068 1755 1607 1590 1682 1813 1118 1852 1979 1288 1762 1210 1520 1328 1095 1512 1738 1232 1940 1620 1550 1221 1213 1556 1062 1956 1477 1480 1757 1612 1864 1540 1066 1762 1532 1120 1755 1871 1318 1520 1998 1673 1726 1600 1581 1215 1928 1423 1105 1844 1914 1408 1627 1930 1463 1059 1621 1593 1080 1768 1684 1222 1562 1745 1878 1067 1352 1591 1123 1685 1321 1561 1547 1521 1156 1034 1194 1402 1995 1229 1001 1233 1473 1695 1451 1666 1832 1613 1802 1036 1247 1427 1305 1328 1033 1854 1315 1480 1891 1783 1698 1772 1830 1120 1446 1617 1944 1080 1902 1507 1692 1986 1504 1411 1831 1088 1450 1397 1664 1438 1194 1771 1763 1353 1182 1501 1815 1501 1724 1215 1754 1132 1422 1553 1827 1494 1047 1153 1767 1962 1281 1054 1700 1909 1225 1796 1982 1853 1081 1998 1582 1913 1914 1694 1193 
14 110 1332 1772 1763 1761 1570 1285 1379 1561 1997 1167 1460 1736 1240 1903 1217 1727 1479 1980 1894 1325 1729 1270 1357 1579 1140 1236 1726 1080 1563 1939 1472 1979 1366 1306 1213 1704 1908 1834 1250 1491 1570 1613 1106 1886 1876 1093 1859 1870 1734 1491 1545 1774 1324 1246 1418 1631 1668 1427 1342 1121 1418 1512 1098 1769 1883 1420 1893 1554 1830 1230 1843 1580 1098 1471 1715 1968 1547 1404 1717 1625 1371 1196 1601 1048 1319 1387 1877 1811 1847 1567 1409 1909 1723 1670 1174 1594 1142 1771 1473 1871 1852 1820 1368 1315 1345 1200 1633 1350 1635 1522 1985 1658 1649 1565 1902 1876 1777 1760 1782 1227 1600 1134 1746 1244 1326 1114 1848 1257 1981 1095 1995 1776 1863 1188 1328 1446 1313 1044 1381 1721 1318 1162 1767 1911 1985 1598 1695 1771 1415 1464 1086 1268 1008 1136 1574 1707 1734 1574 1177 1844 1394 1658 1909 1171 1407 1949 1128 1004 1158 1777 1884 1554 1429 1072 1070 1611 1951 1829 1632 1023 1604 1630 1647 1608 1308 1115 1523 1661 1110 1815 1120 1722 1532 1260 1071 1737 1687 1748 1081 1300 1198 1706 1475 1102 1460 1030 1807 1265 1276 1321 1773 1707 1376 1419 1233 1196 1892 1140 1628 1250 1271 1630 1545 1537 1703 1228 1744 1940 1560 1262 1405 1928 1901 1667 1893 1400 1558 1846 1801 1662 1845 1669 1581 1678 1416 1023 1516 1268 1309 1816 
15 133 1097 1636 1522 1612 1149 1255 1444 1798 1144 1274 1491 1598 1924 1217 1398 1692 1845 1226 1219 1368 1425 1594 1025 1540 1199 1227 1761 1896 1029 1282 1263 1524 1361 1778 1870 1699 1999 1929 1571 1066 1666 1073 1339 1265 1277 1481 1812 1506 1316 1844 1979 1148 1241 1697 1018 1797 1300 1578 1955 1966 1692 1192 1287 1819 1448 1370 1241 1035 1969 1095 1803 1324 1604 1389 1203 1621 1187 1330 1979 1499 1932 1983 1306 1817 1599 1533 1727 1157 1334 1395 1946 1050 1086 1583 1852 1558 1009 1117 1406 1209 1767 1761 1574 1845 1123 1856 1939 1396 1743 1540 1169 1114 1611 1137 1976 1309 1955 1990 1741 1103 1104 1523 1454 1246 1173 1816 1117 1512 1981 1464 1280 1728 1114 1018 1862 1939 1540 1770 1906 1762 1673 1176 1431 1452 1304 1704 1040 1711 1293 1359 1431 1775 1443 1711 1477 1804 1448 1662 1021 1110 1328 1765 1056 1261 1260 1363 1429 1574 1204 1334 1743 1051 1236 1713 1597 1268 1992 1989 1835 1267 1130 1342 1949 1967 1215 1617 1296 1133 1934 1297 1288 1436 1049 1275 1211 1629 1989 1698 1817 1373 1496 1659 1371 1749 1222 1029 1278 1976 1690 1203 1976 1379 1516 1044 1226 1130 1317 1803 1471 1798 1188 1302 1421 1230 1171 1160 1501 1810 1613 1332 1350 1616 1827 1760 1993 1499 1953 1409 1870 1643 1440 1464 1362 1602 1028 1976 1977 1373 1675 1737 
16 184 1157 1669 1857 1835 1906 1501 1049 1843 1705 1401 1899 1635 1978 1727 1692 1520 1297 1668 1703 1889 1755 1491 1966 1941 1978 1979 1132 1237 1639 1559 1092 1100 1282 1546 1547 1995 1318 1796 1172 1651 1777 1057 1698 1459 1247 1796 1549 1176 1879 1788 1201 1466 1892 1243 1923 1312 1460 1762 1049 1830 1406 1885 1434 1507 1592 1537 1265 1412 1431 1128 1866 1394 1406 1611 1666 1808 1023 1260 1980 1799 1084 1463 1761 1670 1703 1301 1975 1371 1967 1208 1768 1642 1634 1472 1064 1832 1799 1885 1761 1932 1917 1296 1184 1857 1088 1369 1937 1497 1024 1318 1829 1580 1592 1900 1012 1867 1344 1453 1004 1722 1937 1250 1739 1579 1858 1962 1310 1342 1350 1503 1556 1249 1945 1044 1151 1222 1526 1468 1352 1259 1302 1063 1062 1864 1617 1714 1362 1078 1997 1395 1172 1124 1340 1229 1190 1200 1647 1900 1781 1463 1221 1706 1948 1712 1715 1019 1069 1828 1957 1451 1530 1482 1939 1496 1930 1153 1900 1924 1004 1982 1880 1729 1924 1494 1677 1891 1133 1724 1599 1741 1365 1773 1923 1217 1019 1327 1460 1776 1524 1168 1147 1268 1873 1212 1051 1523 1962 1107 1718 1956 1908 1913 1240 1963 1987 1904 1981 1389 1360 1022 1345 1845 1236 1010 1495 1165 1632 1758 1442 1778 1383 1893 1394 1274 1564 1149 1784 1957 1971 1538 1875 1642 1828 1860 1355 1512 1366 1583 1816 1282 
17 144 1272 1254 1357 1198 1697 1167 1109 1483 1116 1747 1008 1022 1035 1479 1845 1297 1626 1546 1477 1844 1067 1510 1086 1430 1321 1955 1390 1793 1810 1528 1232 1567 1652 1313 1517 1049 1419 1710 1221 1297 1471 1535 1694 1352 1917 1277 1534 1740 1720 1894 1808 1924 1992 1069 1921 1838 1994 1325 1887 1184 1882 1909 1309 1628 1735 1848 1827 1572 1877 1090 1337 1633 1050 1121 1739 1512 1445 1989 1517 1384 1146 1113 1919 1490 1991 1807 1019 1063 1405 1908 1450 1264 1229 1429 1080 1273 1068 1628 1421 1194 1195 1415 1042 1932 1554 1486 1778 1698 1867 1110 1009 1294 1404 1959 1792 1839 1425 1889 1133 1093 1843 1093 1163 1027 1127 1511 1526 1810 1976 1924 1735 1852 1813 1616 1793 1072 1600 1033 1851 1043 1035 1330 1193 1168 1647 1218 1320 1548 1813 1012 1424 1695 1252 1298 1019 1744 1006 1110 1033 1328 1444 1037 1113 1764 1326 1155 1453 1712 1459 1196 1903 1958 1960 1867 1659 1485 1686 1707 1299 1476 1827 1403 1458 1420 1231 1974 1918 1969 1456 1712 1395 1697 1109 1302 1806 1429 1487 1025 1292 1293 1059 1443 1787 1140 1808 1474 1405 1507 1988 1275 1433 1762 1300 1822 1209 1600 1036 1603 1664 1538 1220 1332 1812 1569 1267 1082 1970 1629 1205 1752 1987 1037 1985 1270 1260 1563 1902 1432 1831 1275 1677 1803 1330 1827 1217 1559 1055 1347 1580 1697 
18 196 1469 1268 1818 1442 1005 1837 1981 1598 1795 1831 1678 1777 1099 1980 1226 1668 1546 1568 1199 1519 1889 1377 1869 1773 1668 1424 1544 1391 1619 1947 1476 1205 1987 1485 1719 1556 1748 1614 1532 1202 1508 1375 1720 1434 1782 1554 1431 1802 1447 1455 1451 1353 1637 1335 1523 1802 1869 1158 1725 1530 1677 1808 1431 1810 1537 1445 1896 1190 1371 1128 1989 1414 1388 1389 1110 1802 1582 1897 1814 1491 1626 1879 1188 1443 1476 1439 1493 1628 1448 1454 1125 1286 1055 1185 1401 1674 1389 1261 1223 1210 1320 1202 1140 1414 1299 1133 1841 1546 1052 1833 1611 1373 1934 1800 1779 1933 1230 1464 1700 1740 1186 1220 1278 1309 1056 1426 1595 1420 1925 1035 1648 1025 1623 1006 1733 1206 1474 1154 1526 1082 1197 1598 1358 1084 1708 1459 1751 1495 1129 1970 1718 1659 1772 1640 1873 1781 1385 1657 1881 1701 1434 1148 1274 1572 1714 1485 1173 1826 1056 1279 1931 1355 1427 1211 1249 1295 1189 1380 1785 1333 1810 1294 1782 1936 1799 1184 1756 1413 1157 1790 1778 1203 1113 1264 1363 1322 1434 1372 1520 1344 1091 1616 1981 1844 1559 1473 1135 1705 1527 1366 1720 1182 1317 1557 1780 1156 1768 1601 1930 1449 1891 1514 1465 1641 1062 1328 1329 1276 1028 1175 1492 1856 1533 1557 1756 1558 1815 1964 1520 1046 1777 1502 1549 1311 1099 1662 1257 1932 1084 1920 
19 155 1480 1938 1624 1925 1924 1697 1681 1587 1936 1804 1176 1042 1016 1894 1219 1703 1477 1199 1663 1514 1301 1777 1764 1289 1566 1746 1966 1149 1189 1462 1495 1240 1771 1493 1037 1825 1048 1568 1081 1899 1155 1423 1516 1011 1290 1414 1910 1062 1455 1940 1362 1358 1405 1203 1348 1710 1483 1343 1457 1856 1485 1460 1419 1980 1211 1584 1352 1624 1868 1097 1605 1761 1972 1650 1128 1316 1906 1110 1767 1919 1797 1561 1382 1160 1860 1891 1205 1145 1870 1003 1342 1614 1920 1170 1824 1424 1111 1579 1107 1654 1349 1582 1442 1137 1883 1692 1007 1683 1755 1859 1212 1782 1821 1044 1092 1067 1481 1644 1175 1320 1795 1769 1749 1295 1128 1936 1932 1150 1986 1184 1435 1762 1198 1154 1450 1707 1097 1169 1544 1184 1865 1829 1984 1680 1683 1173 1392 1628 1866 1920 1130 1868 1609 1838 1335 1175 1528 1755 1998 1643 1632 1259 1002 1204 1902 1601 1516 1056 1107 1856 1663 1302 1041 1849 1854 1554 1820 1886 1712 1802 1393 1835 1974 1329 1945 1564 1288 1939 1317 1283 1309 1295 1126 1822 1004 1638 1729 1365 1560 1678 1684 1686 1817 1923 1875 1399 1623 1245 1949 1280 1015 1952 1221 1161 1643 1149 1715 1456 1329 1677 1475 1829 1183 1401 1827 1047 1169 1133 1730 1548 1532 1971 1883 1746 1994 1340 1736 1620 1126 1505 1069 1607 1795 1847 1291 1327 1101 1679 1115 1182 
20 170 1447 1225 1919 1693 1491 1394 1711 1809 1751 1933 1153 1311 1000 1325 1368 1889 1844 1519 1514 1886 1764 1362 1968 1166 1375 1266 1756 1160 1737 1904 1413 1240 1039 1280 1709 1253 1776 1307 1226 1990 1462 1276 1075 1664 1325 1415 1347 1177 1619 1563 1208 1467 1725 1503 1044 1700 1691 1964 1555 1599 1361 1847 1218 1696 1769 1690 1011 1767 1927 1911 1819 1263 1689 1851 1411 1984 1826 1167 1408 1808 1986 1579 1144 1730 1683 1533 1824 1017 1977 1784 1888 1736 1997 1444 1989 1456 1970 1533 1479 1395 1905 1539 1833 1792 1593 1054 1892 1797 1078 1979 1345 1641 1253 1364 1359 1389 1741 1388 1749 1040 1717 1525 1608 1261 1819 1422 1802 1545 1820 1520 1223 1054 1203 1956 1225 1954 1298 1760 1134 1497 1147 1904 1249 1655 1740 1209 1230 1567 1786 1659 1293 1598 1676 1143 1099 1274 1784 1160 1764 1892 1782 1523 1886 1070 1099 1582 1985 1029 1210 1005 1289 1885 1880 1652 1242 1731 1048 1563 1665 1790 1485 1596 1962 1424 1900 1749 1275 1277 1630 1697 1014 1333 1594 1566 1640 1172 1651 1492 1134 1205 1015 1977 1036 1169 1905 1588 1477 1660 1058 1029 1102 1993 1287 1101 1291 1161 1716 1611 1584 1182 1874 1725 1719 1611 1282 1832 1190 1498 1697 1421 1724 1577 1682 1022 1588 1962 1632 1734 1140 1137 1936 1366 1512 1516 1421 1737 1849 1355 1734 1153 
21 100 1616 1677 1540 1647 1755 1309 1494 1485 1778 1739 1325 1855 1152 1729 1425 1755 1067 1889 1301 1764 1305 1818 1595 1081 1374 1147 1658 1772 1591 1859 1756 1838 1143 1460 1643 1689 1283 1251 1767 1446 1763 1124 1492 1395 1104 1898 1721 1235 1459 1842 1955 1041 1369 1543 1313 1331 1178 1777 1538 1152 1400 1537 1543 1590 1812 1879 1499 1612 1560 1734 1023 1644 1047 1348 1478 1784 1911 1510 1924 1078 1833 1212 1755 1739 1503 1911 1541 1732 1483 1036 1125 1628 1282 1915 1483 1126 1396 1751 1403 1165 1623 1834 1491 1010 1404 1617 1553 1242 1495 1832 1878 1040 1744 1297 1444 1668 1243 1565 1598 1579 1658 1073 1223 1030 1997 1956 1934 1624 1613 1170 1327 1684 1712 1087 1818 1856 1152 1217 1103 1865 1822 1217 1768 1813 1362 1830 1072 1931 1530 1931 1458 1196 1975 1317 1798 1718 1715 1406 1910 1292 1090 1509 1398 1037 1471 1806 1307 1522 1520 1719 1669 1279 1262 1802 1435 1122 1767 1826 1844 1161 1711 1216 1754 1941 1614 1478 1967 1585 1010 1793 1082 1368 1356 1423 1899 1624 1952 1090 1917 1380 1640 1974 1948 1642 1594 1504 1379 1721 1942 1582 1122 1525 1543 1407 1771 1202 1663 1547 1006 1052 1862 1422 1774 1124 1851 1851 1270 1376 1611 1817 1265 1835 1553 1113 1794 1641 1001 1021 1754 1397 1780 1673 1423 1719 1183 1272 1454 1397 1112 1797 
22 134 1194 1263 1723 1772 1745 1537 1230 1185 1222 1220 1459 1034 1966 1270 1594 1491 1510 1377 1777 1362 1818 1076 1659 1384 1971 1862 1918 1009 1108 1756 1312 1645 1621 1320 1202 1551 1217 1497 1073 1833 1370 1968 1076 1960 1422 1970 1200 1361 1402 1977 1862 1782 1581 1140 1193 1550 1311 1915 1808 1397 1163 1756 1326 1017 1913 1303 1440 1980 1383 1962 1807 1202 1694 1282 1536 1582 1949 1038 1567 1007 1872 1423 1716 1338 1449 1263 1665 1569 1088 1648 1676 1796 1346 1901 1327 1152 1726 1279 1026 1378 1615 1317 1605 1168 1851 1220 1767 1961 1991 1213 1661 1321 1776 1250 1387 1580 1852 1992 1679 1877 1256 1456 1586 1267 1720 1248 1399 1056 1301 1779 1623 1002 1391 1377 1276 1557 1619 1692 1285 1798 1690 1316 1270 1198 1683 1000 1491 1907 1847 1406 1249 1685 1421 1766 1507 1153 1506 1383 1029 1512 1533 1361 1802 1389 1347 1486 1036 1972 1434 1642 1514 1077 1345 1700 1584 1312 1817 1250 1552 1997 1649 1117 1791 1991 1847 1037 1314 1079 1081 1425 1113 1085 1977 1618 1040 1359 1273 1521 1505 1800 1388 1044 1782 1063 1412 1249 1201 1119 1059 1606 1000 1811 1625 1265 1131 1570 1454 1758 1788 1950 1980 1023 1952 1123 1840 1170 1720 1014 1118 1888 1710 1208 1230 1902 1322 1303 1502 1379 1125 1858 1948 1705 1171 1589 1302 1524 1499 1981 1819 1450 
23 161 1833 1539 1852 1641 1897 1451 1171 1141 1001 1132 1726 1966 1485 1357 1025 1966 1086 1869 1764 1968 1595 1659 1953 1892 1358 1252 1755 1990 1672 1131 1735 1985 1528 1087 1144 1364 1253 1276 1623 1384 1035 1767 1546 1676 1218 1308 1856 1361 1099 1532 1562 1175 1664 1396 1555 1662 1143 1128 1888 1946 1808 1469 1185 1133 1909 1475 1338 1851 1164 1691 1133 1980 1697 1944 1985 1093 1844 1560 1414 1641 1725 1273 1434 1410 1985 1623 1507 1292 1621 1099 1215 1888 1295 1835 1310 1981 1034 1120 1301 1408 1735 1521 1222 1372 1372 1879 1755 1706 1316 1980 1349 1136 1669 1173 1498 1069 1026 1707 1838 1943 1566 1092 1206 1650 1879 1238 1334 1099 1434 1675 1325 1408 1095 1624 1561 1797 1602 1199 1219 1677 1396 1531 1027 1996 1728 1086 1438 1355 1433 1959 1861 1927 1285 1437 1116 1722 1340 1591 1766 1216 1173 1199 1484 1881 1406 1767 1103 1646 1457 1942 1520 1824 1878 1080 1096 1529 1233 1274 1717 1124 1884 1599 1168 1716 1615 1875 1978 1250 1488 1717 1393 1218 1846 1157 1632 1512 1861 1623 1081 1469 1540 1548 1584 1622 1588 1401 1486 1198 1044 1406 1582 1890 1086 1752 1634 1937 1923 1549 1608 1039 1162 1340 1285 1146 1579 1420 1406 1644 1684 1768 1011 1972 1986 1866 1118 1203 1382 1173 1405 1622 1552 1557 1057 1825 1780 1449 1414 1374 1110 1012 
24 160 1408 1539 1494 1192 1173 1860 1187 1890 1779 1672 1560 1566 1223 1579 1540 1941 1430 1773 1289 1166 1081 1384 1892 1546 1236 1095 1793 1197 1031 1265 1222 1275 1128 1689 1688 1015 1460 1150 1607 1353 1149 1983 1347 1577 1681 1206 1952 1753 1735 1628 1945 1966 1607 1219 1343 1888 1613 1520 1548 1726 1389 1377 1280 1059 1482 1775 1190 1617 1157 1059 1323 1517 1808 1323 1082 1994 1885 1241 1855 1158 1754 1133 1945 1809 1375 1535 1984 1836 1228 1062 1465 1241 1373 1846 1559 1307 1062 1324 1875 1952 1807 1661 1313 1794 1309 1592 1666 1962 1150 1955 1137 1179 1670 1715 1413 1155 1909 1729 1469 1818 1048 1072 1737 1410 1236 1168 1820 1987 1218 1540 1384 1350 1668 1429 1411 1940 1633 1094 1434 1725 1993 1048 1949 1610 1348 1029 1631 1414 1232 1978 1520 1919 1068 1807 1841 1055 1758 1246 1604 1721 1329 1531 1638 1298 1531 1242 1227 1368 1795 1041 1001 1684 1462 1625 1225 1904 1683 1639 1158 1149 1902 1863 1638 1879 1319 1433 1534 1154 1255 1388 1237 1789 1807 1315 1838 1438 1716 1384 1157 1146 1837 1551 1266 1395 1135 1199 1677 1168 1602 1014 1839 1081 1004 1374 1110 1094 1859 1020 1854 1843 1570 1310 1821 1127 1095 1812 1469 1570 1077 1549 1375 1000 1835 1647 1408 1572 1124 1686 1803 1166 1064 1528 1798 1089 1157 1904 1001 1618 1780 1545 
25 112 1861 1781 1808 1904 1370 1849 1255 1952 1245 1713 1719 1676 1080 1140 1199 1978 1321 1668 1566 1375 1374 1971 1358 1236 1413 1081 1132 1244 1327 1666 1851 1295 1648 1998 1833 1837 1309 1897 1259 1887 1084 1070 1413 1878 1318 1058 1464 1441 1204 1511 1255 1157 1160 1204 1891 1934 1312 1694 1383 1173 1637 1026 1167 1362 1785 1393 1741 1281 1112 1159 1223 1444 1957 1147 1109 1960 1700 1605 1008 1453 1617 1747 1635 1206 1085 1285 1846 1178 1142 1848 1996 1056 1962 1711 1402 1999 1249 1710 1183 1226 1102 1792 1281 1102 1373 1059 1912 1888 1045 1757 1256 1804 1674 1077 1657 1559 1415 1207 1107 1014 1665 1514 1312 1122 1862 1288 1100 1814 1462 1927 1477 1972 1629 1995 1083 1165 1669 1042 1365 1283 1742 1597 1207 1742 1877 1245 1340 1406 1828 1187 1276 1887 1796 1193 1076 1383 1555 1356 1718 1695 1007 1552 1344 1600 1699 1001 1183 1218 1341 1862 1416 1546 1837 1239 1768 1798 1885 1525 1111 1718 1659 1471 1860 1524 1608 1916 1442 1632 1914 1547 1613 1816 1618 1625 1914 1972 1975 1071 1043 1128 1038 1817 1423 1861 1030 1830 1751 1784 1511 1722 1801 1249 1897 1339 1274 1931 1330 1248 1968 1441 1468 1520 1052 1628 1190 1719 1722 1733 1775 1502 1029 1042 1568 1737 1147 1190 1679 1547 1876 1792 1728 1175 1650 1534 1189 1100 1838 1397 1347 1284 
26 161 1500 1635 1667 1645 1561 1725 1303 1864 1505 1640 1056 1817 1932 1236 1227 1979 1955 1424 1746 1266 1147 1862 1252 1095 1081 1165 1404 1969 1206 1864 1771 1935 1710 1308 1074 1617 1415 1390 1894 1983 1756 1280 1799 1596 1768 1197 1662 1751 1302 1887 1840 1096 1780 1491 1200 1650 1767 1940 1562 1617 1155 1540 1567 1909 1226 1902 1502 1773 1383 1880 1136 1445 1825 1658 1058 1219 1958 1655 1597 1851 1809 1407 1806 1698 1232 1065 1586 1503 1189 1684 1442 1220 1883 1951 1938 1804 1025 1504 1349 1359 1016 1506 1568 1549 1333 1630 1785 1686 1884 1102 1972 1404 1626 1970 1705 1310 1233 1249 1359 1532 1069 1095 1198 1563 1281 1676 1403 1319 1265 1882 1556 1794 1309 1540 1622 1246 1669 1287 1961 1299 1889 1757 1383 1874 1619 1237 1808 1368 1729 1458 1530 1957 1997 1652 1642 1466 1145 1572 1636 1680 1515 1586 1724 1528 1159 1535 1888 1024 1626 1498 1225 1390 1226 1118 1583 1254 1057 1649 1043 1336 1573 1385 1264 1530 1969 1617 1238 1775 1179 1780 1468 1647 1747 1947 1109 1043 1373 1327 1109 1900 1403 1915 1873 1326 1048 1966 1481 1068 1615 1426 1993 1713 1521 1008 1884 1532 1389 1033 1113 1373 1994 1721 1884 1509 1340 1079 1623 1851 1660 1032 1186 1420 1605 1972 1856 1500 1421 1362 1139 1372 1376 1573 1901 1027 1238 1583 1869 1778 1064 1721 
27 104 1496 1904 1619 1362 1566 1613 1108 1255 1076 1097 1718 1869 1716 1726 1761 1132 1390 1544 1966 1756 1658 1918 1755 1793 1132 1404 1169 1104 1097 1028 1089 1080 1874 1835 1498 1638 1048 1175 1665 1245 1881 1781 1341 1312 1651 1781 1754 1830 1873 1661 1837 1296 1648 1854 1612 1211 1288 1467 1107 1932 1892 1199 1740 1157 1009 1970 1558 1831 1054 1291 1245 1740 1639 1913 1307 1596 1456 1782 1331 1869 1893 1828 1735 1170 1023 1630 1911 1449 1119 1475 1160 1806 1371 1852 1344 1171 1938 1908 1637 1669 1011 1902 1302 1916 1022 1172 1887 1056 1682 1677 1754 1796 1979 1611 1344 1243 1808 1145 1082 1808 1381 1816 1334 1961 1079 1598 1318 1125 1901 1188 1375 1488 1159 1533 1509 1003 1588 1133 1602 1379 1517 1154 1203 1317 1260 1874 1316 1806 1386 1501 1064 1720 1023 1894 1665 1537 1845 1206 1608 1430 1914 1003 1440 1531 1021 1868 1071 1638 1676 1031 1003 1158 1428 1061 1391 1547 1645 1140 1337 1053 1421 1961 1327 1026 1774 1770 1221 1582 1776 1599 1692 1902 1780 1203 1533 1945 1401 1743 1723 1865 1406 1753 1675 1895 1165 1398 1561 1005 1824 1587 1122 1087 1856 1938 1872 1972 1147 1162 1100 1050 1264 1858 1579 1764 1078 1293 1385 1787 1385 1154 1731 1132 1681 1845 1231 1996 1758 1326 1487 1616 1269 1049 1419 1915 1918 1007 1231 1211 1432 1442 
28 143 1564 1398 1880 1182 1529 1770 1223 1940 1819 1344 1883 1113 1015 1080 1896 1237 1793 1391 1149 1160 1772 1009 1990 1197 1244 1969 1104 1799 1978 1220 1809 1646 1172 1436 1759 1017 1339 1251 1895 1295 1182 1508 1318 1772 1519 1157 1476 1714 1235 1016 1006 1451 1113 1896 1469 1802 1703 1640 1380 1596 1871 1077 1454 1582 1205 1451 1450 1503 1910 1340 1543 1616 1375 1600 1612 1445 1041 1364 1365 1037 1754 1635 1694 1517 1230 1490 1179 1209 1815 1442 1135 1113 1178 1978 1116 1015 1102 1813 1283 1018 1028 1886 1536 1764 1503 1635 1822 1138 1199 1573 1521 1729 1643 1709 1323 1839 1339 1830 1490 1304 1405 1190 1922 1928 1413 1629 1929 1792 1570 1652 1114 1243 1903 1507 1265 1814 1595 1783 1687 1883 1147 1569 1846 1342 1499 1698 1766 1050 1790 1113 1057 1365 1888 1882 1995 1525 1371 1891 1560 1168 1096 1756 1832 1763 1026 1979 1655 1244 1458 1870 1977 1618 1322 1289 1769 1833 1700 1716 1926 1690 1216 1694 1070 1075 1464 1173 1641 1296 1131 1782 1204 1802 1949 1569 1355 1071 1170 1234 1158 1944 1680 1380 1496 1187 1444 1832 1253 1565 1405 1536 1738 1204 1529 1083 1248 1525 1113 1373 1178 1538 1051 1476 1588 1762 1179 1191 1635 1566 1389 1360 1762 1205 1633 1450 1076 1340 1510 1448 1791 1309 1555 1586 1168 1943 1925 1945 1843 1211 1596 1450 
29 195 1311 1141 1128 1956 1068 1216 1661 1086 1211 1262 1932 1213 1644 1563 1029 1639 1810 1619 1189 1737 1591 1108 1672 1031 1327 1206 1097 1978 1454 1770 1303 1973 1520 1617 1377 1652 1552 1017 1601 1982 1728 1468 1877 1581 1734 1801 1546 1408 1239 1872 1949 1214 1166 1878 1103 1638 1035 1454 1026 1350 1154 1211 1751 1149 1956 1877 1540 1420 1241 1673 1358 1867 1618 1118 1111 1908 1931 1879 1691 1659 1939 1860 1366 1903 1038 1147 1536 1946 1306 1011 1382 1777 1653 1576 1461 1436 1355 1350 1749 1983 1750 1253 1189 1996 1387 1296 1260 1983 1401 1588 1604 1633 1397 1801 1235 1296 1628 1770 1379 1611 1739 1372 1454 1678 1874 1347 1233 1688 1409 1214 1728 1417 1103 1936 1805 1480 1953 1499 1089 1765 1518 1051 1161 1947 1008 1763 1607 1485 1914 1066 1924 1011 1457 1423 1832 1526 1646 1291 1022 1289 1215 1423 1858 1828 1230 1182 1077 1960 1641 1002 1017 1243 1564 1674 1398 1751 1573 1592 1193 1590 1778 1636 1617 1052 1985 1831 1766 1827 1702 1452 1941 1154 1277 1716 1177 1353 1967 1733 1030 1610 1181 1865 1120 1438 1728 1144 1502 1726 1299 1916 1357 1766 1010 1361 1062 1174 1259 1045 1160 1116 1683 1159 1255 1730 1507 1611 1379 1163 1056 1612 1846 1134 1711 1925 1132 1402 1102 1428 1821 1084 1799 1145 1121 1197 1306 1407 1020 1347 1618 1294 
30 157 1368 1351 1651 1996 1578 1483 1372 1224 1720 1497 1660 1829 1237 1939 1282 1559 1528 1947 1462 1904 1859 1756 1131 1265 1666 1864 1028 1220 1770 1963 1137 1021 1391 1993 1221 1409 1814 1458 1146 1122 1863 1767 1773 1803 1442 1218 1687 1776 1856 1569 1094 1469 1164 1100 1267 1216 1407 1070 1809 1590 1228 1964 1517 1926 1927 1455 1141 1190 1486 1469 1792 1849 1575 1277 1318 1902 1094 1001 1390 1719 1265 1454 1609 1860 1820 1723 1401 1515 1296 1378 1983 1724 1992 1752 1183 1046 1601 1154 1396 1817 1060 1459 1455 1660 1634 1961 1700 1403 1789 1896 1023 1068 1864 1547 1177 1072 1078 1342 1123 1311 1914 1834 1701 1270 1396 1986 1401 1835 1306 1662 1523 1935 1852 1723 1503 1701 1845 1650 1682 1270 1887 1080 1305 1916 1624 1184 1036 1639 1587 1269 1753 1892 1647 1532 1927 1583 1627 1360 1342 1024 1089 1082 1463 1968 1839 1586 1210 1402 1173 1702 1432 1250 1400 1762 1862 1638 1671 1233 1831 1877 1648 1844 1518 1828 1037 1100 1032 1799 1527 1598 1085 1630 1158 1048 1564 1122 1652 1404 1754 1473 1736 1011 1524 1869 1998 1182 1225 1889 1289 1095 1613 1881 1221 1440 1551 1969 1780 1694 1794 1835 1593 1454 1615 1947 1873 1726 1579 1384 1577 1566 1223 1905 1811 1000 1939 1434 1009 1609 1832 1605 1918 1700 1839 1532 1921 1460 1892 1449 1731 1003 
31 139 1352 1558 1698 1104 1930 1309 1548 1057 1991 1430 1826 1491 1343 1472 1263 1092 1232 1476 1495 1413 1756 1312 1735 1222 1851 1771 1089 1809 1303 1137 1389 1981 1716 1822 1555 1752 1811 1670 1525 1558 1491 1609 1972 1828 1622 1065 1035 1414 1346 1027 1006 1153 1511 1373 1488 1021 1339 1485 1679 1899 1247 1430 1942 1501 1199 1504 1311 1470 1532 1402 1093 1196 1628 1810 1227 1377 1363 1694 1542 1853 1726 1059 1590 1748 1520 1485 1189 1448 1544 1183 1355 1452 1177 1892 1754 1620 1755 1364 1355 1856 1648 1750 1421 1745 1461 1632 1505 1201 1241 1025 1607 1621 1114 1086 1137 1609 1252 1850 1858 1786 1570 1744 1452 1711 1077 1182 1867 1462 1262 1012 1108 1897 1449 1091 1620 1120 1501 1786 1924 1201 1803 1665 1662 1669 1906 1171 1710 1803 1764 1551 1498 1276 1948 1832 1228 1154 1759 1112 1106 1806 1632 1963 1273 1736 1756 1212 1584 1887 1294 1888 1879 1435 1129 1626 1923 1605 1528 1282 1651 1550 1642 1077 1893 1815 1237 1017 1221 1418 1568 1895 1074 1088 1808 1640 1834 1672 1922 1303 1989 1273 1414 1464 1051 1115 1828 1325 1383 1693 1438 1294 1584 1227 1005 1322 1610 1955 1027 1777 1250 1294 1381 1154 1158 1399 1763 1371 1055 1161 1832 1964 1291 1158 1468 1942 1400 1610 1044 1587 1819 1852 1127 1990 1416 1367 1503 1587 1994 1906 1942 1495 
